43
0 0 0 0 0 0 0 0 1 0 0 0 0 0 0 0 0 0 0 0 0 0 0 0 0 0 0 0 0 0 0 0 0 0 0 0 0 0 0 0 1 0 1
0 0 0 0 0 0.5 3.5 7.5 11.5 -1 -7 -15 -23 0 0 0 0 0 0 0 0 0 0 0 0 0 0 0 0 0 0 0 0 0 0 0 0 0 0 0 0 0 0 
0 0 0 0 0 3.5 7.5 11.5 12.5 0 0 0 0 -7 -15 -23 -25 0 0 0 0 0 0 0 0 0 0 0 0 0 0 0 0 0 0 0 0 0 0 0 0 0 0 
0 0 0 0 0 7.5 11.5 12.5 11.5 0 0 0 0 0 0 0 0 -15 -23 -25 -23 0 0 0 0 0 0 0 0 0 0 0 0 0 0 0 0 0 0 0 0 0 0 
0 0 0 0 0 11.5 12.5 11.5 8.5 0 0 0 0 0 0 0 0 0 0 0 0 -23 -25 -23 -17 0 0 0 0 0 0 0 0 0 0 0 0 0 0 0 0 0 0 
0 0 0 0 0 12.5 11.5 8.5 2.5 0 0 0 0 0 0 0 0 0 0 0 0 0 0 0 0 -25 -23 -17 -5 0 0 0 0 0 0 0 0 0 0 0 0 0 0 
0.5 3.5 7.5 11.5 12.5 0 0 0 0 -1 0 0 0 -7 0 0 0 -15 0 0 0 -23 0 0 0 -25 0 0 0 0 0 0 0 0 0 0 0 0 0 0 0 0 0 
3.5 7.5 11.5 12.5 11.5 0 0 0 0 0 -7 0 0 0 -15 0 0 0 -23 0 0 0 -25 0 0 0 -23 0 0 0 0 0 0 0 0 0 0 0 0 0 0 0 0 
7.5 11.5 12.5 11.5 8.5 0 0 0 0 0 0 -15 0 0 0 -23 0 0 0 -25 0 0 0 -23 0 0 0 -17 0 0 0 0 0 0 0 0 0 0 0 0 0 0 0 
11.5 12.5 11.5 8.5 2.5 0 0 0 0 0 0 0 -23 0 0 0 -25 0 0 0 -23 0 0 0 -17 0 0 0 -5 0 0 0 0 0 0 0 0 0 0 0 0 0 0 
-1 0 0 0 0 -1 0 0 0 2 0 0 0 0 0 0 0 0 0 0 0 0 0 0 0 0 0 0 0 0 0 0 0 0 0 0 0 0 0 0 0 0 0 
-7 0 0 0 0 0 -7 0 0 0 20 0 0 1 0 0 0 0 0 0 0 0 0 0 0 0 0 0 0 -2 0 0 0 0 0 0 0 0 0 0 0 0 0 
-15 0 0 0 0 0 0 -15 0 0 0 44 0 0 1 0 0 1 0 0 0 0 0 0 0 0 0 0 0 1 -2 0 -2 0 0 0 0 0 0 0 0 0 0 
-23 0 0 0 0 0 0 0 -23 0 0 0 68 0 0 1 0 0 1 0 0 1 0 0 0 0 0 0 0 0 1 -2 1 -2 0 -2 0 0 0 0 0 0 0 
0 -7 0 0 0 -7 0 0 0 0 1 0 0 20 0 0 0 0 0 0 0 0 0 0 0 0 0 0 0 -2 0 0 0 0 0 0 0 0 0 0 0 0 0 
0 -15 0 0 0 0 -15 0 0 0 0 1 0 0 44 0 0 1 0 0 0 0 0 0 0 0 0 0 0 1 -2 0 -2 0 0 0 0 0 0 0 0 0 0 
0 -23 0 0 0 0 0 -23 0 0 0 0 1 0 0 68 0 0 1 0 0 1 0 0 0 0 0 0 0 0 1 -2 1 -2 0 -2 0 0 0 0 0 0 0 
0 -25 0 0 0 0 0 0 -25 0 0 0 0 0 0 0 76 0 0 1 0 0 1 0 0 1 0 0 0 0 0 1 0 1 -2 1 -2 0 -2 0 0 0 0 
0 0 -15 0 0 -15 0 0 0 0 0 1 0 0 1 0 0 44 0 0 0 0 0 0 0 0 0 0 0 1 -2 0 -2 0 0 0 0 0 0 0 0 0 0 
0 0 -23 0 0 0 -23 0 0 0 0 0 1 0 0 1 0 0 68 0 0 1 0 0 0 0 0 0 0 0 1 -2 1 -2 0 -2 0 0 0 0 0 0 0 
0 0 -25 0 0 0 0 -25 0 0 0 0 0 0 0 0 1 0 0 76 0 0 1 0 0 1 0 0 0 0 0 1 0 1 -2 1 -2 0 -2 0 0 0 0 
0 0 -23 0 0 0 0 0 -23 0 0 0 0 0 0 0 0 0 0 0 70 0 0 1 0 0 1 0 0 0 0 0 0 0 1 0 1 -2 1 -2 0 -2 0 
0 0 0 -23 0 -23 0 0 0 0 0 0 1 0 0 1 0 0 1 0 0 68 0 0 0 0 0 0 0 0 1 -2 1 -2 0 -2 0 0 0 0 0 0 0 
0 0 0 -25 0 0 -25 0 0 0 0 0 0 0 0 0 1 0 0 1 0 0 76 0 0 1 0 0 0 0 0 1 0 1 -2 1 -2 0 -2 0 0 0 0 
0 0 0 -23 0 0 0 -23 0 0 0 0 0 0 0 0 0 0 0 0 1 0 0 70 0 0 1 0 0 0 0 0 0 0 1 0 1 -2 1 -2 0 -2 0 
0 0 0 -17 0 0 0 0 -17 0 0 0 0 0 0 0 0 0 0 0 0 0 0 0 52 0 0 1 0 0 0 0 0 0 0 0 0 1 0 1 -2 1 -2 
0 0 0 0 -25 -25 0 0 0 0 0 0 0 0 0 0 1 0 0 1 0 0 1 0 0 76 0 0 0 0 0 1 0 1 -2 1 -2 0 -2 0 0 0 0 
0 0 0 0 -23 0 -23 0 0 0 0 0 0 0 0 0 0 0 0 0 1 0 0 1 0 0 70 0 0 0 0 0 0 0 1 0 1 -2 1 -2 0 -2 0 
0 0 0 0 -17 0 0 -17 0 0 0 0 0 0 0 0 0 0 0 0 0 0 0 0 1 0 0 52 0 0 0 0 0 0 0 0 0 1 0 1 -2 1 -2 
0 0 0 0 -5 0 0 0 -5 0 0 0 0 0 0 0 0 0 0 0 0 0 0 0 0 0 0 0 14 0 0 0 0 0 0 0 0 0 0 0 1 0 1 
0 0 0 0 0 0 0 0 0 0 -2 1 0 -2 1 0 0 1 0 0 0 0 0 0 0 0 0 0 0 7 -2 0 -2 0 0 0 0 0 0 0 0 0 0 
0 0 0 0 0 0 0 0 0 0 0 -2 1 0 -2 1 0 -2 1 0 0 1 0 0 0 0 0 0 0 -2 7 -2 5 -2 0 -2 0 0 0 0 0 0 0 
0 0 0 0 0 0 0 0 0 0 0 0 -2 0 0 -2 1 0 -2 1 0 -2 1 0 0 1 0 0 0 0 -2 9 -2 5 -2 5 -2 0 -2 0 0 0 0 
0 0 0 0 0 0 0 0 0 0 0 -2 1 0 -2 1 0 -2 1 0 0 1 0 0 0 0 0 0 0 -2 5 -2 7 -2 0 -2 0 0 0 0 0 0 0 
0 0 0 0 0 0 0 0 0 0 0 0 -2 0 0 -2 1 0 -2 1 0 -2 1 0 0 1 0 0 0 0 -2 5 -2 9 -2 5 -2 0 -2 0 0 0 0 
0 0 0 0 0 0 0 0 0 0 0 0 0 0 0 0 -2 0 0 -2 1 0 -2 1 0 -2 1 0 0 0 0 -2 0 -2 5 -2 5 -2 5 -2 0 -2 0 
0 0 0 0 0 0 0 0 0 0 0 0 -2 0 0 -2 1 0 -2 1 0 -2 1 0 0 1 0 0 0 0 -2 5 -2 5 -2 9 -2 0 -2 0 0 0 0 
0 0 0 0 0 0 0 0 0 0 0 0 0 0 0 0 -2 0 0 -2 1 0 -2 1 0 -2 1 0 0 0 0 -2 0 -2 5 -2 5 -2 5 -2 0 -2 0 
0 0 0 0 0 0 0 0 0 0 0 0 0 0 0 0 0 0 0 0 -2 0 0 -2 1 0 -2 1 0 0 0 0 0 0 -2 0 -2 5 -2 5 -2 5 -2 
0 0 0 0 0 0 0 0 0 0 0 0 0 0 0 0 -2 0 0 -2 1 0 -2 1 0 -2 1 0 0 0 0 -2 0 -2 5 -2 5 -2 5 -2 0 -2 0 
0 0 0 0 0 0 0 0 0 0 0 0 0 0 0 0 0 0 0 0 -2 0 0 -2 1 0 -2 1 0 0 0 0 0 0 -2 0 -2 5 -2 5 -2 5 -2 
0 0 0 0 0 0 0 0 0 0 0 0 0 0 0 0 0 0 0 0 0 0 0 0 -2 0 0 -2 1 0 0 0 0 0 0 0 0 -2 0 -2 3 -2 5 
0 0 0 0 0 0 0 0 0 0 0 0 0 0 0 0 0 0 0 0 -2 0 0 -2 1 0 -2 1 0 0 0 0 0 0 -2 0 -2 5 -2 5 -2 5 -2 
0 0 0 0 0 0 0 0 0 0 0 0 0 0 0 0 0 0 0 0 0 0 0 0 -2 0 0 -2 1 0 0 0 0 0 0 0 0 -2 0 -2 5 -2 3 
